0 0.31640625 0.21640625 0.1234375 0.1
0 0.109375 0.1875 0.121875 0.0953125
0 0.19765625 0.2328125 0.125 0.1078125
0 0.3578125 0.27421875 0.1421875 0.1
0 0.74296875 0.36796875 0.125 0.1
0 0.475 0.34921875 0.1671875 0.1046875
0 0.25234375 0.3078125 0.1234375 0.09375
0 0.85625 0.440625 0.14375 0.1078125
0 0.609375 0.43359375 0.1484375 0.109375
0 0.75078125 0.4640625 0.121875 0.134375
0 0.9296875 0.55546875 0.1375 0.1265625
0 0.40625 0.4609375 0.1640625 0.1234375
0 0.59375 0.51171875 0.146875 0.1015625
0 0.79296875 0.55390625 0.1234375 0.115625
0 0.1359375 0.43125 0.13125 0.084375
0 0.690625 0.6234375 0.1359375 0.1296875
0 0.52109375 0.58984375 0.1703125 0.146875
0 0.865625 0.665625 0.1328125 0.1265625
0 0.3671875 0.59140625 0.165625 0.1484375
0 0.07265625 0.56015625 0.1390625 0.146875
1 0.49921875 0.5703125 0.9984375 0.85625
0 0.78125 0.72734375 0.1734375 0.1328125
0 0.01171875 0.615625 0.0234375 0.16875
0 0.90234375 0.81640625 0.1046875 0.11875
0 0.55 0.7703125 0.1234375 0.115625
0 0.22734375 0.725 0.23125 0.1828125
0 0.73671875 0.83515625 0.1859375 0.146875
0 0.07578125 0.759375 0.1515625 0.14375
0 0.83203125 0.91796875 0.178125 0.1578125
0 0.3359375 0.859375 0.2171875 0.1640625
0 0.5984375 0.91953125 0.175 0.1359375