0 0.35859375 0.78828125 0.11875 0.0953125
0 0.12578125 0.8109375 0.1671875 0.0953125
0 0.23984375 0.765625 0.1203125 0.103125
0 0.40234375 0.73203125 0.1390625 0.09375
0 0.79140625 0.659375 0.121875 0.0953125
0 0.5234375 0.66328125 0.165625 0.096875
0 0.2984375 0.69375 0.1203125 0.0890625
0 0.90859375 0.5921875 0.140625 0.1015625
0 0.66171875 0.58671875 0.1453125 0.1046875
0 0.80390625 0.56328125 0.115625 0.1296875
0 0.959375 0.48671875 0.078125 0.1140625
0 0.46015625 0.54921875 0.1609375 0.115625
0 0.65078125 0.50703125 0.1453125 0.0953125
0 0.85078125 0.4765625 0.1203125 0.1109375
0 0.1890625 0.5640625 0.1296875 0.078125
0 0.753125 0.40234375 0.13125 0.125
0 0.58125 0.4265625 0.165625 0.140625
0 0.928125 0.36796875 0.128125 0.1234375
0 0.428125 0.41640625 0.1609375 0.1421875
0 0.13203125 0.43203125 0.1328125 0.1421875
1 0.49921875 0.428125 0.9984375 0.85625
0 0.84921875 0.30234375 0.16875 0.125
0 0.04140625 0.37734375 0.0828125 0.1765625
0 0.94765625 0.2234375 0.046875 0.1078125
0 0.6203125 0.24765625 0.11875 0.1109375
0 0.29609375 0.2765625 0.2265625 0.1734375
0 0.809375 0.19296875 0.18125 0.1390625
0 0.12890625 0.2328125 0.178125 0.134375
0 0.8890625 0.11640625 0.1359375 0.1484375
0 0.4109375 0.146875 0.2125 0.1546875
0 0.67578125 0.1015625 0.171875 0.1296875