0 0.3109375 0.334375 0.1296875 0.1046875
0 0.078125 0.384375 0.15625 0.10625
0 0.196875 0.39453125 0.13125 0.1125
0 0.37421875 0.378125 0.1515625 0.1015625
0 0.796875 0.33046875 0.13125 0.1046875
0 0.51953125 0.4109375 0.178125 0.10625
0 0.2796875 0.45 0.13125 0.096875
0 0.925 0.365625 0.13125 0.109375
0 0.6859375 0.44609375 0.1578125 0.1140625
0 0.8390625 0.42578125 0.1265625 0.140625
0 0.490625 0.5484375 0.175 0.1265625
0 0.69921875 0.53125 0.15625 0.1046875
0 0.915625 0.5 0.1296875 0.1203125
0 0.20703125 0.61796875 0.1390625 0.0859375
0 0.8375 0.60703125 0.1421875 0.1359375
0 0.65390625 0.6359375 0.1796875 0.153125
0 0.978125 0.59296875 0.040625 0.1265625
0 0.49921875 0.69453125 0.175 0.15625
0 0.190625 0.77109375 0.1453125 0.1546875
1 0.49921875 0.60234375 0.9984375 0.7921875
0 0.93671875 0.68203125 0.1234375 0.1390625
0 0.10078125 0.86171875 0.1203125 0.1875
0 0.74921875 0.80703125 0.1296875 0.121875
0 0.4078125 0.88046875 0.24375 0.190625
0 0.93046875 0.8046875 0.1359375 0.153125
0 0.25078125 0.95 0.1953125 0.096875
0 0.56171875 0.94453125 0.2265625 0.1078125
0 0.84921875 0.915625 0.1796875 0.0921875