0 0.72265625 0.14375 0.2375 0.153125
0 0.50234375 0.18203125 0.23125 0.1734375
0 0.8296875 0.29453125 0.21875 0.1515625
0 0.29921875 0.24921875 0.215625 0.14375
0 0.590625 0.3328125 0.2734375 0.1828125
0 0.86796875 0.45625 0.2234375 0.15
0 0.225 0.3796875 0.29375 0.2078125
1 0.49921875 0.49921875 0.9984375 0.9984375
0 0.5296875 0.515625 0.25625 0.2140625
0 0.74296875 0.65 0.221875 0.1890625
0 0.246875 0.5859375 0.228125 0.1953125
0 0.47890625 0.75078125 0.225 0.196875
0 0.20390625 0.85390625 0.2421875 0.2125