0 0.4609375 0.2578125 0.09375 0.08125
0 0.6609375 0.2640625 0.0875 0.06875
0 0.896875 0.259375 0.1109375 0.1109375
0 0.915625 0.40859375 0.09375 0.08125
0 0.3109375 0.4515625 0.1 0.090625
0 0.1546875 0.48125 0.13125 0.0828125
0 0.64375 0.49921875 0.1296875 0.09375
1 0.49921875 0.54140625 0.9984375 0.8921875
0 0.4390625 0.5453125 0.121875 0.0875
0 0.98125 0.56796875 0.034375 0.1015625
0 0.32109375 0.61796875 0.140625 0.1265625
0 0.84296875 0.58984375 0.1296875 0.1171875
0 0.1421875 0.68046875 0.1234375 0.1046875
0 0.4984375 0.7203125 0.1796875 0.125
0 0.94765625 0.69375 0.1015625 0.1125
0 0.8484375 0.71484375 0.1078125 0.08125
0 0.515625 0.15703125 0.0890625 0.06875