0 0.35390625 0.6671875 0.075 0.140625
0 0.25078125 0.65703125 0.103125 0.09375
0 0.46015625 0.63203125 0.0671875 0.0984375
0 0.5296875 0.53515625 0.090625 0.1140625
0 0.4 0.528125 0.0921875 0.0953125
0 0.2578125 0.53359375 0.078125 0.1015625
0 0.115625 0.478125 0.075 0.1109375
0 0.34609375 0.43828125 0.065625 0.10625
0 0.56171875 0.41875 0.09375 0.1328125
0 0.2703125 0.41484375 0.075 0.1015625
0 0.421875 0.38828125 0.0796875 0.0984375
1 0.3390625 0.4 0.678125 0.8
0 0.1859375 0.39453125 0.0796875 0.1015625
0 0.51328125 0.3109375 0.0859375 0.1046875
0 0.2796875 0.27578125 0.0734375 0.1140625
0 0.37578125 0.253125 0.09375 0.1046875
0 0.16953125 0.24375 0.090625 0.128125
0 0.06484375 0.2 0.08125 0.0921875
0 0.26328125 0.15546875 0.0859375 0.1171875
0 0.43359375 0.11796875 0.084375 0.1265625
0 0.51015625 0.078125 0.0640625 0.1203125