0 0.39453125 0.6796875 0.0953125 0.1609375
0 0.278125 0.67578125 0.121875 0.1109375
0 0.51015625 0.6328125 0.0828125 0.1125
0 0.58125 0.51875 0.109375 0.1328125
0 0.43515625 0.52109375 0.109375 0.1125
0 0.2765625 0.53828125 0.09375 0.11875
0 0.11328125 0.48671875 0.090625 0.128125
0 0.36796875 0.425 0.08125 0.121875
0 0.60625 0.3859375 0.1140625 0.153125
0 0.28046875 0.4046875 0.090625 0.11875
0 0.4484375 0.36328125 0.0953125 0.1140625
1 0.38125 0.42578125 0.7625 0.8515625
0 0.1859375 0.38828125 0.096875 0.1203125
0 0.5453125 0.2703125 0.103125 0.1234375
0 0.28046875 0.24921875 0.0890625 0.1328125
0 0.3875 0.215625 0.1125 0.1234375
0 0.15546875 0.221875 0.109375 0.1484375
0 0.0421875 0.18125 0.084375 0.109375
0 0.25234375 0.11640625 0.103125 0.1359375
0 0.44140625 0.0671875 0.103125 0.134375
0 0.52578125 0.040625 0.0765625 0.08125