0 0.5828125 0.65078125 0.2171875 0.1640625
0 0.36875 0.61171875 0.2109375 0.121875
0 0.78359375 0.665625 0.1734375 0.1203125
0 0.6828125 0.55546875 0.2125 0.134375
0 0.4328125 0.51875 0.23125 0.1578125
1 0.909375 0.559375 0.178125 0.2
0 0.83828125 0.49140625 0.2109375 0.1625
0 0.1140625 0.3859375 0.2171875 0.1453125
0 0.3265625 0.38671875 0.2265625 0.1328125
1 0.49921875 0.396875 0.9984375 0.79375
0 0.57734375 0.34921875 0.2546875 0.1546875
0 0.796875 0.34921875 0.2328125 0.18125
0 0.31171875 0.2796875 0.221875 0.14375
0 0.9265625 0.28359375 0.14375 0.2203125
0 0.54375 0.22109375 0.2546875 0.153125
0 0.24609375 0.1546875 0.1921875 0.1359375
0 0.73046875 0.1859375 0.2671875 0.178125
0 0.4609375 0.09609375 0.2765625 0.1671875