0 0.72109375 0.65625 0.0890625 0.1625
0 0.8375 0.62890625 0.121875 0.109375
0 0.59453125 0.63046875 0.0796875 0.1140625
0 0.50078125 0.52890625 0.10625 0.1328125
0 0.64921875 0.503125 0.1078125 0.1109375
0 0.8125 0.4890625 0.090625 0.1203125
0 0.96015625 0.40625 0.075 0.13125
0 0.69765625 0.39296875 0.078125 0.1234375
0 0.4484375 0.4 0.109375 0.1546875
0 0.78203125 0.3546875 0.0875 0.11875
0 0.60390625 0.3453125 0.0921875 0.115625
1 0.653125 0.40703125 0.690625 0.8140625
0 0.875 0.31953125 0.09375 0.1203125
0 0.4875 0.26953125 0.1015625 0.121875
0 0.7515625 0.19765625 0.0859375 0.1328125
0 0.63671875 0.184375 0.1109375 0.1234375
0 0.871875 0.1453125 0.10625 0.15
0 0.95625 0.08203125 0.0359375 0.10625
0 0.753125 0.06328125 0.103125 0.1265625
0 0.553125 0.05625 0.1 0.1125
0 0.4625 0.0375 0.071875 0.071875