0 0.7109375 0.93515625 0.265625 0.1265625
0 0.4734375 0.8578125 0.2546875 0.1828125
0 0.8625 0.81015625 0.2390625 0.159375
0 0.2640625 0.73515625 0.2390625 0.1484375
0 0.609375 0.71015625 0.3015625 0.1890625
0 0.90859375 0.63671875 0.171875 0.1515625
0 0.2125 0.57265625 0.3234375 0.2171875
1 0.49921875 0.49921875 0.9984375 0.9984375
0 0.5828125 0.4921875 0.2796875 0.2265625
0 0.85390625 0.39375 0.2421875 0.2015625
0 0.28515625 0.346875 0.2484375 0.2078125
0 0.5828125 0.21875 0.24375 0.209375
0 0.29921875 0.07734375 0.2640625 0.1546875