0 0.4546875 0.7203125 0.0921875 0.08125
0 0.64921875 0.71796875 0.0859375 0.0671875
0 0.878125 0.72578125 0.1078125 0.1109375
0 0.8984375 0.58125 0.0921875 0.08125
0 0.31328125 0.52890625 0.096875 0.0890625
0 0.1625 0.49765625 0.128125 0.084375
0 0.63671875 0.48828125 0.1265625 0.09375
1 0.49921875 0.44609375 0.9984375 0.8859375
0 0.43828125 0.440625 0.11875 0.0859375
0 0.97265625 0.43046875 0.0515625 0.0984375
0 0.32578125 0.3671875 0.1375 0.125
0 0.83125 0.4046875 0.128125 0.115625
0 0.153125 0.3046875 0.121875 0.103125
0 0.4984375 0.271875 0.175 0.125
0 0.93984375 0.3046875 0.109375 0.1078125
0 0.8390625 0.2828125 0.10625 0.08125
0 0.50625 0.81953125 0.0875 0.0671875