0 0.3578125 0.0734375 0.25 0.146875
0 0.57265625 0.16484375 0.2390625 0.1765625
0 0.209375 0.19609375 0.228125 0.153125
0 0.76328125 0.28515625 0.225 0.1453125
0 0.44375 0.296875 0.284375 0.184375
0 0.128125 0.3515625 0.23125 0.1515625
0 0.80703125 0.4375 0.30625 0.2109375
1 0.49921875 0.49921875 0.9984375 0.9984375
0 0.46015625 0.5 0.265625 0.21875
0 0.20625 0.58203125 0.2296875 0.19375
0 0.73125 0.64375 0.2359375 0.2
0 0.4515625 0.753125 0.23125 0.2015625
0 0.7078125 0.909375 0.253125 0.178125