0 0.57890625 0.6734375 0.1890625 0.13125
0 0.371875 0.665625 0.190625 0.090625
0 0.76953125 0.66171875 0.153125 0.09375
0 0.66015625 0.57109375 0.1890625 0.103125
0 0.4203125 0.5703125 0.203125 0.1234375
1 0.89921875 0.54453125 0.1984375 0.16875
0 0.79765625 0.490625 0.184375 0.1296875
0 0.1015625 0.4875 0.1921875 0.109375
0 0.30234375 0.459375 0.203125 0.1
1 0.49921875 0.4 0.9984375 0.715625
0 0.5328125 0.39140625 0.228125 0.115625
0 0.73984375 0.3625 0.203125 0.1453125
0 0.275 0.3609375 0.196875 0.109375
0 0.89140625 0.2796875 0.184375 0.1875
0 0.48515625 0.27578125 0.228125 0.115625
0 0.196875 0.25234375 0.1703125 0.10625
0 0.65546875 0.21796875 0.2375 0.1375
0 0.39140625 0.16953125 0.246875 0.1265625