0 0.6125 0.35703125 0.2109375 0.165625
0 0.4078125 0.325 0.203125 0.125
0 0.796875 0.4046875 0.16875 0.121875
0 0.67265625 0.471875 0.2046875 0.1359375
0 0.43671875 0.428125 0.2234375 0.159375
1 0.89296875 0.54453125 0.2109375 0.2046875
0 0.7921875 0.578125 0.20625 0.1625
0 0.1078125 0.4484375 0.209375 0.1453125
0 0.3 0.5140625 0.21875 0.1359375
1 0.49921875 0.58046875 0.9984375 0.8359375
0 0.51328125 0.625 0.246875 0.1578125
0 0.7109375 0.6921875 0.228125 0.18125
0 0.25390625 0.60546875 0.2140625 0.1453125
0 0.84375 0.803125 0.2171875 0.21875
0 0.44453125 0.7296875 0.2453125 0.15625
0 0.15703125 0.69765625 0.1875 0.1375
0 0.60078125 0.81875 0.259375 0.1796875
0 0.33203125 0.815625 0.2671875 0.171875