0 0.56328125 0.2609375 0.0984375 0.0859375
0 0.35390625 0.2671875 0.090625 0.071875
0 0.109375 0.2625 0.115625 0.1171875
0 0.0890625 0.41875 0.0984375 0.0859375
0 0.71953125 0.46328125 0.103125 0.0953125
0 0.88203125 0.49453125 0.1359375 0.0875
0 0.371875 0.5140625 0.134375 0.0984375
1 0.49921875 0.54453125 0.9984375 0.9078125
0 0.5859375 0.56171875 0.1265625 0.090625
0 0.01953125 0.58515625 0.0390625 0.1015625
0 0.70859375 0.63828125 0.1453125 0.13125
0 0.16484375 0.6078125 0.134375 0.121875
0 0.89453125 0.70234375 0.1296875 0.109375
0 0.5234375 0.74453125 0.1875 0.13125
0 0.0546875 0.71640625 0.109375 0.1171875
0 0.159375 0.7390625 0.1125 0.0859375
0 0.50625 0.1546875 0.0921875 0.071875