0 0.8421875 0.28828125 0.13125 0.1625
0 0.6015625 0.190625 0.190625 0.2109375
0 0.88515625 0.059375 0.1296875 0.0546875
0 0.5765625 0.86328125 0.11875 0.153125
0 0.484375 0.8078125 0.1015625 0.1171875
0 0.86015625 0.80859375 0.1375 0.1609375
0 0.7984375 0.6546875 0.1375 0.16875
0 0.434375 0.60625 0.1203125 0.146875
0 0.55234375 0.51796875 0.134375 0.175
1 0.54453125 0.49921875 0.9078125 0.9984375
0 0.8140625 0.46875 0.1515625 0.2046875
0 0.6515625 0.3890625 0.1171875 0.1390625
0 0.34765625 0.30234375 0.1515625 0.2140625