0 0.1921875 0.69921875 0.1296875 0.1625
0 0.4359375 0.7921875 0.1875 0.209375
0 0.15234375 0.93984375 0.1328125 0.071875
0 0.44921875 0.11796875 0.1171875 0.153125
0 0.54296875 0.17109375 0.1 0.115625
0 0.16484375 0.1765625 0.1359375 0.159375
0 0.23046875 0.33125 0.1359375 0.1671875
0 0.596875 0.3734375 0.11875 0.1453125
0 0.48046875 0.4640625 0.13125 0.175
1 0.4671875 0.49921875 0.934375 0.9984375
0 0.2171875 0.51796875 0.1484375 0.203125
0 0.38203125 0.59453125 0.115625 0.1375
0 0.68828125 0.6765625 0.1484375 0.2125